#,Time,%Passes,Change,Test,Pass,Partial,Fail,Untested
0,Thu Feb 16 21:20:57 EST 2017,38,38,Assignment2Suite,ContainsTest0+ EmptyTest0+ HeightTest+ InsertAfterRemoveTest1+ InsertAfterRemoveTest2+ InsertTest0+ InsertTest1+ InsertTest2+ SizeTest0+ SizeTest1+ , ,ContainsTest1- EfficiencyTest1- EmptyTest1- FindMinMaxTest0- FindMinMaxTest1- FindMinMaxTest2- InsertAfterRemoveTest0- RemoveTest0- RemoveTest1- RemoveTest2- RemoveTest3- RemoveTest4- RemoveTest5- RemoveTest6- RemoveTest7- SizeTest2- , ,
1,Thu Feb 16 21:27:30 EST 2017,38,0,Assignment2Suite,ContainsTest0 EmptyTest0 HeightTest InsertAfterRemoveTest1 InsertAfterRemoveTest2 InsertTest0 InsertTest1 InsertTest2 SizeTest0 SizeTest1 , ,ContainsTest1 EfficiencyTest1 EmptyTest1 FindMinMaxTest0 FindMinMaxTest1 FindMinMaxTest2 InsertAfterRemoveTest0 RemoveTest0 RemoveTest1 RemoveTest2 RemoveTest3 RemoveTest4 RemoveTest5 RemoveTest6 RemoveTest7 SizeTest2 , ,
2,Thu Feb 16 21:33:19 EST 2017,50,12,Assignment2Suite,ContainsTest0 EfficiencyTest1+ EmptyTest0 FindMinMaxTest0+ FindMinMaxTest1+ HeightTest InsertAfterRemoveTest1 InsertAfterRemoveTest2 InsertTest0 InsertTest1 InsertTest2 SizeTest0 SizeTest1 , ,ContainsTest1 EmptyTest1 FindMinMaxTest2 InsertAfterRemoveTest0 RemoveTest0 RemoveTest1 RemoveTest2 RemoveTest3 RemoveTest4 RemoveTest5 RemoveTest6 RemoveTest7 SizeTest2 , ,
3,Sun Feb 19 19:03:44 EST 2017,50,0,Assignment2Suite,ContainsTest0 EfficiencyTest1 EmptyTest0 FindMinMaxTest0 FindMinMaxTest1 HeightTest InsertAfterRemoveTest1 InsertAfterRemoveTest2 InsertTest0 InsertTest1 InsertTest2 SizeTest0 SizeTest1 , ,ContainsTest1 EmptyTest1 FindMinMaxTest2 InsertAfterRemoveTest0 RemoveTest0 RemoveTest1 RemoveTest2 RemoveTest3 RemoveTest4 RemoveTest5 RemoveTest6 RemoveTest7 SizeTest2 , ,
4,Sun Feb 19 20:27:04 EST 2017,50,0,Assignment2Suite,ContainsTest0 EfficiencyTest1 EmptyTest0 FindMinMaxTest0 FindMinMaxTest1 HeightTest InsertAfterRemoveTest0+ InsertTest0 InsertTest1 InsertTest2 SizeTest0 SizeTest1 SizeTest2+ , ,ContainsTest1 EmptyTest1 FindMinMaxTest2 InsertAfterRemoveTest1- InsertAfterRemoveTest2- RemoveTest0 RemoveTest1 RemoveTest2 RemoveTest3 RemoveTest4 RemoveTest5 RemoveTest6 RemoveTest7 , ,
5,Sun Feb 19 20:30:47 EST 2017,76,26,Assignment2Suite,ContainsTest0 ContainsTest1+ EfficiencyTest1 EmptyTest0 EmptyTest1+ FindMinMaxTest0 FindMinMaxTest1 HeightTest InsertAfterRemoveTest0 InsertAfterRemoveTest1+ InsertAfterRemoveTest2+ InsertTest0 InsertTest1 InsertTest2 RemoveTest1+ RemoveTest2+ RemoveTest3+ SizeTest0 SizeTest1 SizeTest2 , ,FindMinMaxTest2 RemoveTest0 RemoveTest4 RemoveTest5 RemoveTest6 RemoveTest7 , ,
6,Sun Feb 19 20:45:09 EST 2017,76,0,Assignment2Suite,ContainsTest0 ContainsTest1 EfficiencyTest1 EmptyTest0 EmptyTest1 FindMinMaxTest0 FindMinMaxTest1 HeightTest InsertAfterRemoveTest0 InsertAfterRemoveTest1 InsertAfterRemoveTest2 InsertTest0 InsertTest1 InsertTest2 RemoveTest1 RemoveTest2 RemoveTest3 SizeTest0 SizeTest1 SizeTest2 , ,FindMinMaxTest2 RemoveTest0 RemoveTest4 RemoveTest5 RemoveTest6 RemoveTest7 , ,
7,Sun Feb 19 22:36:07 EST 2017,84,8,Assignment2Suite,ContainsTest0 ContainsTest1 EfficiencyTest1 EmptyTest0 EmptyTest1 FindMinMaxTest0 FindMinMaxTest1 HeightTest InsertAfterRemoveTest0 InsertAfterRemoveTest1 InsertAfterRemoveTest2 InsertTest0 InsertTest1 InsertTest2 RemoveTest0+ RemoveTest1 RemoveTest2 RemoveTest3 RemoveTest6+ SizeTest0 SizeTest1 SizeTest2 , ,FindMinMaxTest2 RemoveTest4 RemoveTest5 RemoveTest7 , ,
8,Sun Feb 19 22:42:05 EST 2017,53,-31,Assignment2Suite,ContainsTest0 EfficiencyTest1 EmptyTest0 EmptyTest1 FindMinMaxTest0 FindMinMaxTest1 HeightTest InsertAfterRemoveTest0 InsertTest0 InsertTest1 InsertTest2 SizeTest0 SizeTest1 SizeTest2 , ,ContainsTest1- FindMinMaxTest2 InsertAfterRemoveTest1- InsertAfterRemoveTest2- RemoveTest0- RemoveTest1- RemoveTest2- RemoveTest3- RemoveTest4 RemoveTest5 RemoveTest6- RemoveTest7 , ,
9,Sun Feb 19 22:45:10 EST 2017,84,31,Assignment2Suite,ContainsTest0 ContainsTest1+ EfficiencyTest1 EmptyTest0 EmptyTest1 FindMinMaxTest0 FindMinMaxTest1 HeightTest InsertAfterRemoveTest0 InsertAfterRemoveTest1+ InsertAfterRemoveTest2+ InsertTest0 InsertTest1 InsertTest2 RemoveTest0+ RemoveTest1+ RemoveTest2+ RemoveTest3+ RemoveTest6+ SizeTest0 SizeTest1 SizeTest2 , ,FindMinMaxTest2 RemoveTest4 RemoveTest5 RemoveTest7 , ,
10,Sun Feb 19 22:50:23 EST 2017,80,-4,Assignment2Suite,ContainsTest0 ContainsTest1 EmptyTest0 EmptyTest1 FindMinMaxTest0 FindMinMaxTest1 HeightTest InsertAfterRemoveTest0 InsertAfterRemoveTest1 InsertAfterRemoveTest2 InsertTest0 InsertTest1 InsertTest2 RemoveTest0 RemoveTest1 RemoveTest2 RemoveTest3 RemoveTest6 SizeTest0 SizeTest1 SizeTest2 , ,EfficiencyTest1- FindMinMaxTest2 RemoveTest4 RemoveTest5 RemoveTest7 , ,
11,Sun Feb 19 22:52:52 EST 2017,84,4,Assignment2Suite,ContainsTest0 ContainsTest1 EfficiencyTest1+ EmptyTest0 EmptyTest1 FindMinMaxTest0 FindMinMaxTest1 HeightTest InsertAfterRemoveTest0 InsertAfterRemoveTest1 InsertAfterRemoveTest2 InsertTest0 InsertTest1 InsertTest2 RemoveTest0 RemoveTest1 RemoveTest2 RemoveTest3 RemoveTest6 SizeTest0 SizeTest1 SizeTest2 , ,FindMinMaxTest2 RemoveTest4 RemoveTest5 RemoveTest7 , ,
12,Sun Feb 19 23:08:51 EST 2017,100,16,Assignment2Suite,ContainsTest0 ContainsTest1 EfficiencyTest1 EmptyTest0 EmptyTest1 FindMinMaxTest0 FindMinMaxTest1 FindMinMaxTest2+ HeightTest InsertAfterRemoveTest0 InsertAfterRemoveTest1 InsertAfterRemoveTest2 InsertTest0 InsertTest1 InsertTest2 RemoveTest0 RemoveTest1 RemoveTest2 RemoveTest3 RemoveTest4+ RemoveTest5+ RemoveTest6 RemoveTest7+ SizeTest0 SizeTest1 SizeTest2 , , , ,
13,Sun Feb 19 23:34:50 EST 2017,100,0,Assignment2Suite,ContainsTest0 ContainsTest1 EfficiencyTest1 EmptyTest0 EmptyTest1 FindMinMaxTest0 FindMinMaxTest1 FindMinMaxTest2 HeightTest InsertAfterRemoveTest0 InsertAfterRemoveTest1 InsertAfterRemoveTest2 InsertTest0 InsertTest1 InsertTest2 RemoveTest0 RemoveTest1 RemoveTest2 RemoveTest3 RemoveTest4 RemoveTest5 RemoveTest6 RemoveTest7 SizeTest0 SizeTest1 SizeTest2 , , , ,
